0 347 127
1 17 65
2 10 25
3 17 76
4 10 61
5 13 53
6 6 33
7 20 35
8 8 47
9 57 89
10 10 52
11 1 44
12 1 50
13 31 70
14 15 88
15 1 64
16 9 39
17 13 49
18 1 45
19 16 45
20 15 26
21 65 54
22 11 35
23 17 67
24 16 61
25 69 52
26 68 65
27 5 35
28 13 36
29 13 49
30 17 46
31 23 39
32 6 66
33 2 38
34 5 8
35 2 63
36 11 25
37 1 49
38 9 59
39 15 45
40 44 42
41 24 35
42 2 56
43 1 56
44 6 34
45 12 41
46 5 60
47 2 62
48 22 37
49 4 25
50 11 47
51 7 51
52 2 7
53 31 62
54 8 52
55 17 45
56 78 84
57 15 26
58 12 56
59 19 53
60 8 54
61 3 29
62 26 58
63 6 54
64 7 8
65 12 36
66 15 55
67 76 82
68 9 19
69 10 83
70 2 4
71 3 29
72 24 81
73 10 38
74 1 50
75 14 45
76 3 39
77 6 31
78 9 15
79 12 48
80 23 71
81 3 46
82 34 19
83 7 0
84 13 70
85 14 45
86 6 51
87 13 27
88 20 60
89 8 34
90 2 0
91 8 0
92 21 45
93 8 5
94 22 0
95 6 36
96 9 63
97 3 39
98 49 23
99 13 36
100 9 33
101 19 71
102 6 46
103 16 42
104 32 64
105 14 45
106 8 62
107 1045 33
108 13 26
109 37 50
110 5 61
111 14 34
112 3 41
113 40 59
114 1 51
115 21 65
116 17 50
117 6 30
118 36 27
119 62 76
120 4 57
121 12 19
122 63 61
123 18 48
124 4 54
125 4 31
126 7 47
127 16 51
128 28 42
129 7 29
130 16 95
131 7 18
132 16 71
133 18 52
134 19 49
135 10 30
136 133 92
137 16 0
138 2 32
139 9 36
140 11 7
141 28 75
142 43 106
143 12 29
144 15 32
145 2 63
146 10 35
147 6 53
148 20 64
149 14 34
150 11 22
151 7 20
152 5 22
153 2 33
154 2 48
155 3 37
156 12 55
157 3 25
158 25 49
159 14 75
160 2 20
161 25 38
162 8 47
163 6 49
164 3 46
165 11 34
166 4 27
167 7 0
168 11 85
169 38 47
170 46 54
171 22 82
172 41 81
173 12 40
174 4 80
175 17 25
176 14 3
177 11 76
178 13 86
179 3 55
180 20 63
181 10 51
182 3 108
183 2 55
184 18 69
185 26 34
186 44 55
187 16 15
188 48 66
189 7 25
190 4 27
191 3 54
192 5 32
193 5 22
194 19 61
195 9 42
196 13 59
197 16 0
198 12 51
199 47 47
200 57 2
201 4 30
202 4 16
203 57 68
204 22 40
205 2 16
206 4 25
207 3 0
208 7 31
209 1 57
210 1 57
211 30 45
212 18 44
213 39 27
214 17 62
215 1 58
216 2 33
217 8 52
218 9 45
219 6 58
220 4 33
221 8 43
222 11 78
223 27 79
224 28 40
225 10 43
226 14 13
227 15 48
228 3 52
229 6 16
230 9 37
231 21 37
232 25 50
233 2 29
234 2 63
235 5 25
236 37 64
237 7 37
238 23 57
239 59 65
240 3 26
241 2 17
242 24 50
243 8 66
244 2 39
245 5 18
246 14 53
247 3 56
248 21 84
249 24 54
250 5 17
251 14 38
252 65 95
253 3 20
254 17 42
255 2 51
256 2 54
257 18 46
258 15 24
259 8 13
260 8 28
261 38 64
262 4 52
263 7 13
264 5 25
265 27 26
266 18 58
267 2 34
268 11 38
269 6 45
270 4 34
271 73 45
272 45 66
273 9 33
274 14 42
275 10 63
276 18 49
277 65 91
278 10 77
279 2 47
280 43 73
281 16 36
282 2 64
283 5 0
284 16 18
285 47 67
286 2 46
287 1 22
288 4 77
289 4 34
290 14 69
291 36 74
292 1 36
293 3 67
294 3 55
295 10 45
296 7 89
297 25 24
298 11 69
299 20 64
300 7 45
301 3 17
302 20 89
303 21 54
304 55 33
305 2 47
306 9 59
307 4 0
308 24 16
309 10 22
310 13 40
311 7 40
312 26 49
313 37 66
314 13 73
315 56 42
316 2 15
317 7 26
318 11 48
319 8 48
320 21 46
321 3 37
322 72 85
323 39 54
324 26 53
325 39 24
326 19 58
327 4 46
328 9 26
329 30 68
330 16 21
331 20 27
332 43 72
333 8 50
334 28 26
335 1 45
336 3 63
337 9 34
338 7 42
339 27 33
340 6 35
341 12 23
342 34 46
343 18 21
344 9 0
345 16 23
346 27 20
347 7 57
348 229 103
349 5 39
350 21 51
351 5 52
352 23 15
353 102 99
354 26 20
355 39 67
356 3 38
357 18 59
358 1 43
359 26 20
360 43 45
361 23 82
362 19 54
363 96 86
364 9 76
365 6 80
366 97 79
367 32 62
368 34 25
369 26 29
370 71 38
371 5 23
372 17 55
373 94 50
374 68 41
375 17 86
376 133 75
377 2 52
378 62 67
379 2 30
380 11 17
381 12 55
382 12 78
383 3 53
384 4 28
385 8 28
386 3 54
387 36 46
388 38 48
389 48 63
390 6 71
391 61 71
392 39 59
393 7 8
394 36 70
395 77 48
396 27 51
397 47 97
398 33 39
399 8 22
400 73 54
401 2 34
402 57 53
403 20 60
404 51 76
405 11 24
406 4 30
407 15 77
408 55 32
409 34 37
410 15 31
411 3 56
412 99 66
413 17 31
414 159 45
415 26 44
416 21 36
417 62 65
418 23 57
419 57 57
420 34 69
421 25 68
422 60 80
423 57 17
424 17 33
425 19 62
426 18 46
427 9 62
428 115 97
429 10 26
430 38 47
431 71 62
432 55 80
433 10 49
434 33 28
435 10 28
436 60 46
437 10 21
438 71 73
439 43 47
440 14 60
441 8 43
442 12 34
443 2 43
444 47 48
445 27 56
446 18 51
447 1 47
448 3 45
449 10 37
450 22 61
451 25 29
452 42 35
453 5 9
454 3 97
455 37 12
456 61 78
457 20 61
458 26 52
459 10 68
460 66 23
461 53 35
462 19 39
463 43 85
464 5 16
465 78 30
466 9 45
467 4 73
468 2 59
469 22 49
470 16 76
471 31 48
472 5 50
473 32 38
474 20 40
475 122 96
476 6 26
477 12 59
478 8 68
479 37 60
480 7 45
481 27 62
482 34 75
483 231 97
484 107 55
485 5 64
486 16 51
487 33 57
488 28 30
489 24 38
490 13 41
491 11 31
492 65 50
493 56 42
494 23 45
495 23 23
496 40 31
497 83 89
498 6 33
499 3 26
500 83 77
501 8 24
502 11 51
503 58 49
504 43 60
505 13 32
506 72 77
507 65 46
508 16 34
509 15 68
510 26 55
511 30 51
512 29 41
513 89 52
514 64 69
515 61 31
516 20 22
517 104 50
518 19 55
519 25 64
520 50 56
521 15 90
522 11 21
523 43 27
524 64 52
525 69 57
526 98 65
527 46 55
528 13 40
529 9 23
530 4 34
531 40 4
532 10 33
533 6 24
534 8 0
535 12 70
536 22 51
537 40 37
538 87 108
539 22 11
540 8 55
541 10 33
542 58 68
543 21 72
544 67 65
545 46 80
546 30 12
547 32 53
548 32 47
549 7 47
550 1 47
551 17 43
552 4 27
553 85 28
554 18 57
555 38 24
556 48 85
557 37 73
558 20 76
559 83 68
560 30 59
561 81 67
562 5 12
563 91 41
564 9 1
565 20 69
566 85 63
567 63 74
568 12 38
569 15 26
570 35 19
571 3 42
572 4 63
573 32 51
574 11 38
575 12 82
576 14 29
577 22 41
578 24 40
579 39 65
580 84 96
581 2 29
582 21 38
583 25 65
584 15 52
585 1 51
586 7 21
587 10 27
588 14 27
589 21 52
590 14 55
591 46 51
592 41 39
593 5 14
594 8 19
595 19 43
596 46 53
597 22 80
598 16 29
599 23 62
600 24 83
601 25 81
602 1 46
603 18 70
604 35 27
605 18 17
606 91 49
607 1 66
608 1 33
609 30 70
610 5 2
611 16 1
612 15 43
613 1 64
614 32 44
615 24 15
616 19 66
617 25 88
618 24 62
619 26 55
620 20 36
621 7 3
622 13 50
623 17 25
624 1 59
625 21 35
626 14 43
627 24 43
628 12 55
629 11 40
630 39 67
631 11 32
632 22 66
633 15 44
634 16 32
635 22 49
636 25 52
637 115 91
638 1 59
639 11 8
640 23 0
641 66 50
642 2 70
643 24 2
644 25 59
645 29 57
646 13 10
647 19 35
648 2 48
649 5 31
650 22 44
651 73 74
652 4 89
653 28 91
654 33 50
655 6 53
656 3 60
657 7 66
658 24 102
659 24 53
660 3 69
661 24 31
662 24 46
663 9 16
664 17 21
665 18 24
666 18 71
667 3 38
668 1 23
669 34 34
670 23 20
671 5 55
672 8 76
673 4 51
674 1 38
675 23 72
676 18 26
677 22 30
678 26 63
679 7 51
680 27 62
681 23 38
682 13 33
683 33 61
684 20 56
685 17 58
686 170 91
687 28 53
688 45 78
689 8 48
690 9 42
691 6 63
692 1 13
693 14 55
694 54 64
695 41 49
696 31 73
697 52 51
698 68 66
699 2 0
700 7 20
701 21 66
702 8 25
703 43 55
704 5 18
705 69 74
706 18 56
707 10 63
708 29 59
709 17 49
710 8 27
711 20 0
712 13 56
713 71 34
714 14 50
715 10 50
716 12 44
717 4 66
718 30 31
719 64 73
720 18 86
721 5 34
722 14 72
723 12 31
724 47 37
725 8 45
726 36 69
727 26 55
728 38 56
729 13 32
730 15 26
731 26 93
732 14 29
733 8 47
734 23 50
735 5 9
736 14 56
737 16 42
738 25 60
739 29 45
740 8 68
741 17 31
742 12 12
743 3 61
744 2 46
745 57 57
746 9 30
747 57 54
748 19 72
749 2 28
750 2 14
751 12 30
752 38 65
753 13 86
754 30 80
755 19 31
756 10 41
757 4 29
758 20 34
759 10 29
760 30 92
761 8 17
762 13 43
763 14 62
764 28 32
765 14 27
766 35 55
767 8 55
768 14 69
769 15 14
770 27 86
771 15 77
772 18 30
773 36 47
774 37 28
775 2 53
776 9 46
777 18 32
778 16 53
779 18 47
780 34 66
781 52 63
782 13 67
783 18 12
784 40 93
785 3 84
786 9 59
787 29 74
788 4 26
789 13 45
790 4 42
791 7 28
792 23 42
793 20 47
794 14 54
795 18 34
796 7 38
797 26 0
798 7 47
799 12 72
800 37 34
801 1 55
802 5 48
803 20 43
804 16 47
805 66 56
806 15 64
807 20 75
808 9 63
809 18 47
810 32 50
811 9 58
812 8 47
813 10 15
814 26 45
815 39 67
816 9 47
817 24 58
818 16 42
819 37 24
820 38 55
821 9 21
822 15 36
823 56 43
824 58 108
825 6 56
826 11 46
827 45 42
828 79 32
829 34 58
830 55 44
831 15 55
832 4 12
833 15 33
834 43 52
835 20 59
836 12 51
837 13 41
838 22 35
839 15 36
840 27 56
841 2 55
842 37 24
843 13 2
844 14 52
845 23 69
846 6 30
847 27 55
848 21 37
849 30 63
850 10 44
851 4 57
852 4 32
853 44 49
854 3 61
855 4 34
856 39 52
857 12 66
858 5 31
859 2 66
860 2 53
861 10 51
862 24 35
863 11 44
864 5 58
865 4 0
866 5 27
867 8 62
868 4 31
869 7 28
870 7 47
871 7 25
872 7 23
873 6 31
874 7 20
875 1 40
876 11 50
877 4 47
878 10 0
879 6 47
880 8 41
881 7 59
882 8 59
883 1 29
884 4 40
885 9 25
886 8 66
887 6 64
888 9 47
889 13 36
890 7 43
891 1 19
892 1 36
893 4 32
894 4 62
895 6 72
896 126 77
897 66 67
898 38 63
899 3 60
900 13 69
901 34 76
902 46 28
903 34 40
904 3 42
905 17 59
906 78 36
907 13 62
908 32 40
909 12 44
910 5 59
911 1 45
912 9 24
913 44 48
914 16 35
915 35 68
916 147 56
917 130 75
918 1 17
919 29 14
920 13 21
921 106 95
922 30 50
923 8 42
924 45 38
925 167 103
926 21 14
927 75 70
928 9 35
929 5 26
930 52 38
931 15 75
932 63 84
933 25 37
934 82 75
935 7 29
936 37 61
937 7 71
938 29 49
939 17 64
940 17 60
941 54 53
942 65 101
943 12 64
944 37 18
945 4 60
946 166 73
947 115 44
948 38 48
949 23 37
950 10 40
951 20 51
952 84 75
953 109 65
954 55 22
955 10 60
956 10 24
957 65 38
958 24 52
959 46 31
960 103 66
961 13 30
962 27 33
963 33 43
964 26 58
965 16 67
966 115 53
967 107 45
968 40 80
969 32 56
970 15 44
971 34 25
972 21 26
973 18 13
974 11 16
975 54 59
976 24 38
977 26 55
978 104 51
979 10 24
980 128 69
981 47 91
982 68 116
983 62 83
984 42 78
985 7 10
986 11 66
987 6 53
988 41 48
989 35 72
990 29 56
991 19 66
992 31 24
993 154 93
994 27 51
995 66 34
996 4 37
997 96 98
998 9 23
999 77 46
1000 16 49
1001 39 64
1002 4 49
1003 95 49
1004 120 99
1005 14 66
1006 142 64
1007 16 50
1008 8 29
1009 57 48
1010 36 20
1011 32 29
1012 32 28
1013 12 56
1014 99 84
1015 36 40
1016 9 63
1017 149 130
1018 51 53
1019 58 71
1020 58 53
1021 61 46
1022 4 26
1023 9 43
1024 85 69
1025 29 49
1026 80 49
1027 3 26
1028 67 3
1029 79 65
1030 11 35
1031 4 20
1032 79 62
1033 17 48
1034 3 15
1035 26 62
1036 58 56
1037 37 82
1038 5 54
1039 27 28
1040 67 43
1041 48 43
1042 15 46
1043 12 31
1044 28 42
1045 12 50
1046 3 48
1047 65 54
1048 106 59
1049 82 87
1050 11 36
1051 46 69
1052 63 43
1053 8 18
1054 54 101
1055 14 63
1056 65 57
1057 5 70
1058 7 46
1059 165 90
1060 51 75
1061 10 34
1062 22 46
1063 22 60
1064 27 74
1065 2 56
1066 68 67
1067 76 26
1068 49 64
1069 21 60
1070 78 61
1071 3 60
1072 26 31
1073 10 50
1074 63 57
1075 80 85
1076 142 91
1077 15 33
1078 183 134
1079 123 102
1080 60 49
1081 30 26
1082 57 32
1083 106 87
1084 15 47
1085 66 76
1086 205 93
1087 7 58
1088 14 48
1089 14 23
1090 13 26
1091 20 66
1092 50 51
1093 9 69
1094 11 25
1095 24 62
1096 1 21
1097 36 56
1098 23 68
1099 56 49
1100 64 49
1101 123 85
1102 51 43
1103 8 15
1104 109 84
1105 4 40
1106 27 59
1107 141 107
1108 43 49
1109 38 45
1110 70 77
1111 9 10
1112 54 37
1113 47 73
1114 38 48
1115 36 76
1116 29 64
1117 122 87
1118 35 31
1119 1 16
1120 51 45
1121 24 47
1122 49 66
1123 71 77
1124 130 82
1125 117 57
1126 198 61
1127 21 72
1128 98 74
1129 60 80
1130 66 48
1131 32 53
1132 142 79
1133 6 46
1134 11 48
1135 68 69
1136 33 14
1137 29 56
1138 14 65
1139 24 54
1140 9 38
1141 18 77
1142 33 48
1143 14 60
1144 21 23
1145 1 59
1146 147 98
1147 5 71
1148 65 50
1149 102 83
1150 14 33
1151 6 62
1152 17 57
1153 139 91
1154 9 62
1155 45 40
1156 99 45
1157 5 75
1158 66 38
1159 61 56
1160 88 67
1161 19 72
1162 8 40
1163 100 30
1164 27 46
1165 26 33
1166 57 51
1167 28 34
1168 6 51
1169 19 39
1170 36 94
1171 24 27
1172 113 68
1173 115 81
1174 18 73
1175 132 57
1176 2 53
1177 15 20
1178 13 39
1179 45 32
1180 45 44
1181 89 64
1182 66 71
1183 34 60
1184 158 87
1185 156 88
1186 17 66
1187 20 59
1188 32 86
1189 38 67
1190 39 72
1191 110 86
1192 97 62
1193 9 50
1194 4 26
1195 49 88
1196 26 45
1197 15 34
1198 83 75
1199 217 122
1200 4 28
1201 58 47
1202 9 31
1203 8 34
1204 107 62
1205 102 103
1206 1 30
1207 72 85
1208 3 32
1209 76 72
1210 40 66
1211 173 84
1212 26 42
1213 20 53
1214 114 68
1215 43 54
1216 36 53
1217 47 22
1218 11 44
1219 54 22
1220 9 26
1221 71 79
1222 142 66
1223 22 41
1224 2 21
1225 30 52
1226 35 49
1227 84 93
1228 23 80
1229 47 66
1230 125 112
1231 74 47
1232 29 21
1233 2 59
1234 15 45
1235 107 111
1236 43 66
1237 60 47
1238 152 108
1239 9 8
1240 7 43
1241 20 55
1242 93 108
1243 112 79
1244 12 80
1245 40 63
1246 35 42
1247 24 54
1248 8 54
1249 15 68
1250 137 47
1251 12 35
1252 3 41
1253 3 37
1254 6 31
1255 124 78
1256 135 49
1257 55 65
1258 42 80
1259 47 54
1260 38 47
1261 68 55
1262 2 56
1263 6 37
1264 5 24
1265 31 64
1266 13 96
1267 120 86
1268 11 54
1269 126 96
1270 2 40
1271 96 87
1272 84 77
1273 64 88
1274 25 71
1275 57 89
1276 2 30
1277 124 100
1278 36 17
1279 44 32
1280 76 33
1281 41 71
1282 68 69
1283 32 40
1284 60 43
1285 55 59
1286 23 34
1287 66 26
1288 92 57
1289 85 81
1290 87 52
1291 113 65
1292 55 32
1293 48 62
1294 22 5
1295 5 34
1296 25 34
1297 6 40
1298 71 67
1299 31 0
1300 31 25
1301 6 0
1302 107 51
1303 48 13
1304 38 49
1305 104 61
1306 26 68
1307 31 21
1308 20 73
1309 43 81
1310 27 98
1311 24 45
1312 80 66
1313 34 44
1314 26 60
1315 44 70
1316 32 53
1317 21 40
1318 41 50
1319 27 40
1320 64 56
1321 25 51
1322 90 60
1323 77 36
1324 40 38
1325 18 43
1326 2 47
1327 49 53
1328 20 46
1329 136 126
1330 122 88
1331 146 87
1332 42 78
1333 33 57
1334 100 74
1335 128 48
1336 55 55
1337 36 62
1338 68 42
1339 100 83
1340 63 43
1341 123 51
1342 10 61
1343 37 41
1344 91 36
1345 97 84
1346 5 9
1347 74 64
1348 37 32
1349 42 45
1350 33 63
1351 67 41
1352 234 101
1353 3 47
1354 5 39
1355 37 32
1356 20 33
1357 31 33
1358 77 82
1359 84 64
1360 37 19
1361 137 91
1362 3 28
1363 21 38
1364 12 23
1365 42 59
1366 66 47
1367 166 97
1368 10 38
1369 53 54
1370 112 43
1371 37 65
1372 7 35
1373 73 47
1374 42 56
1375 74 27
1376 182 109
1377 190 127
1378 32 60
1379 51 70
1380 85 66
1381 27 54
1382 41 79
1383 4 35
1384 12 54
1385 15 51
1386 1 45
1387 9 30
1388 84 58
1389 46 63
1390 193 59
1391 175 64
1392 37 65
1393 53 50
1394 2 38
1395 2 64
1396 54 69
1397 16 21
1398 44 70
1399 178 85
1400 22 47
1401 12 44
1402 74 66
1403 9 54
1404 50 63
1405 50 53
1406 31 74
1407 37 86
1408 34 71
1409 106 50
1410 21 32
1411 10 52
1412 22 66
1413 60 55
1414 8 37
1415 30 26
1416 111 68
1417 5 16
1418 21 42
1419 24 54
1420 148 98
1421 24 62
1422 14 24
1423 61 72
1424 19 53
1425 34 23
1426 64 70
1427 66 24
1428 29 49
1429 38 39
1430 2 19
1431 220 70
1432 55 50
1433 23 83
1434 15 44
1435 56 68
1436 30 27
1437 56 66
1438 34 82
1439 21 51
1440 28 39
1441 16 28
1442 5 1
1443 9 51
1444 32 32
1445 9 28
1446 36 55
1447 142 40
1448 52 39
1449 90 34
1450 23 26
1451 31 64
1452 34 36
1453 28 55
1454 52 49
1455 5 21
1456 132 57
1457 62 51
1458 33 60
1459 102 78
1460 46 37
1461 8 47
1462 84 61
1463 10 85
1464 26 65
1465 108 80
1466 1 63
1467 124 89
1468 31 72
1469 57 36
1470 71 58
1471 169 56
1472 90 51
1473 54 69
1474 4 43
1475 72 53
1476 5 33
1477 9 17
1478 17 28
1479 84 96
1480 93 42
1481 17 43
1482 49 46
1483 96 32
1484 22 61
1485 47 57
1486 5 83
1487 63 27
1488 135 73
1489 22 44
1490 9 65
1491 125 69
1492 13 68
1493 26 57
1494 26 49
1495 67 54
1496 48 75
1497 29 81
1498 6 34
1499 12 56
1500 29 79
1501 18 82
1502 70 88
1503 28 16
1504 58 55
1505 59 42
1506 8 7
1507 37 42
1508 33 94
1509 131 80
1510 4 71
1511 30 28
1512 34 57
1513 52 35
1514 35 30
1515 69 53
1516 159 84
1517 36 68
1518 14 39
1519 33 53
1520 117 50
1521 6 15
1522 156 89
1523 69 70
1524 41 42
1525 57 52
1526 22 66
1527 12 33
1528 70 69
1529 42 53
1530 105 62
1531 22 42
1532 39 28
1533 35 55
1534 33 6
1535 64 69
1536 82 60
1537 19 80
1538 72 46
1539 79 69
1540 69 54
1541 33 84
1542 55 40
1543 33 22
1544 15 43
1545 43 0
1546 3 17
1547 122 74
1548 38 58
1549 49 68
1550 38 63
1551 171 93
1552 7 41
1553 37 26
1554 160 54
1555 35 59
1556 25 25
1557 151 77
1558 2 73
1559 186 129
1560 1 30
1561 25 39
1562 10 53
1563 112 73
1564 16 54
1565 44 30
1566 20 61
1567 33 19
1568 29 68
1569 48 51
1570 124 75
1571 60 91
1572 43 30
1573 89 54
1574 67 90
1575 20 31
1576 66 44
1577 170 110
1578 36 69
1579 5 76
1580 83 65
1581 1 45
1582 41 67
1583 97 50
1584 211 120
1585 20 62
1586 3 61
1587 53 38
1588 23 5
1589 205 97
1590 88 29
1591 95 37
1592 25 57
1593 32 65
1594 16 45
1595 39 30
1596 77 51
1597 112 36
1598 136 78
1599 11 36
1600 117 37
1601 32 44
1602 12 39
1603 145 116
1604 148 112
1605 90 73
1606 31 55
1607 5 18
1608 117 62
1609 92 89
1610 179 96
1611 72 71
1612 190 93
1613 182 94
1614 71 82
1615 24 70
1616 50 113
1617 117 69
1618 24 45
1619 114 39
1620 128 107
1621 189 85
1622 177 100
1623 100 59
1624 35 65
1625 25 58
1626 37 49
1627 3 44
1628 82 63
1629 22 41
1630 67 46
1631 9 93
1632 79 46
1633 23 72
1634 38 25
1635 34 77
1636 77 63
1637 99 79
1638 34 69
1639 78 84
1640 8 30
1641 14 23
1642 28 31
1643 100 66
1644 69 77
1645 56 70
1646 18 51
1647 50 67
1648 25 22
1649 35 3
1650 21 40
1651 4 57
1652 81 41
1653 74 95
1654 7 50
1655 56 53
1656 34 24
1657 5 41
1658 19 39
1659 82 70
1660 24 9
1661 80 84
1662 146 71
1663 235 80
1664 6 0
1665 127 83
1666 36 55
1667 27 19
1668 122 28
1669 137 73
1670 11 50
1671 32 64
1672 25 34
1673 40 33
1674 25 30
1675 117 58
1676 16 16
1677 36 26
1678 18 49
1679 27 40
1680 61 35
1681 25 42
1682 38 46
1683 123 77
1684 792 279
1685 93 28
1686 35 67
1687 43 40
1688 95 51
1689 124 84
1690 2 54
1691 60 62
1692 50 71
1693 3 36
1694 34 58
1695 30 50
1696 12 35
1697 8 34
1698 19 35
1699 42 76
1700 17 43
1701 7 49
1702 45 93
1703 70 40
1704 25 25
1705 27 65
1706 42 65
1707 185 76
1708 10 27
1709 62 76
1710 15 39
1711 5 29
1712 105 62
1713 4 45
1714 187 65
1715 65 79
1716 60 48
1717 139 72
1718 155 131
1719 19 25
1720 49 53
1721 115 102
1722 56 85
1723 49 82
1724 59 46
1725 51 48
1726 21 42
1727 32 92
1728 32 76
1729 80 63
1730 226 95
1731 8 48
1732 48 56
1733 38 73
1734 49 74
1735 109 78
1736 156 123
1737 79 65
1738 26 40
1739 14 44
1740 37 92
1741 104 93
1742 79 31
1743 26 28
1744 37 90
1745 19 52
1746 202 90
1747 22 42
1748 13 54
1749 13 41
1750 126 100
1751 50 53
1752 115 71
1753 82 75
1754 57 50
1755 2 60
1756 16 31
1757 131 71
1758 27 49
1759 6 74
1760 3 30
1761 121 91
1762 4 5
1763 32 41
1764 25 46
1765 66 62
1766 40 41
1767 36 51
1768 209 116
1769 25 48
1770 47 61
1771 20 51
1772 61 60
1773 23 53
1774 40 15
1775 8 28
1776 5 44
1777 5 49
1778 38 30
1779 22 31
1780 20 44
1781 26 56
1782 67 78
1783 121 87
1784 17 8
1785 30 71
1786 97 34
1787 38 64
1788 10 42
1789 103 51
1790 38 25
1791 131 59
1792 6 80
1793 145 66
1794 57 71
1795 89 45
1796 71 30
1797 5 66
1798 34 33
1799 152 58
1800 245 116
1801 23 40
1802 12 24
1803 25 18
1804 195 93
1805 22 63
1806 32 29
1807 51 75
1808 14 39
1809 113 87
1810 102 59
1811 63 67
1812 44 48
1813 156 100
1814 10 29
1815 24 76
1816 131 42
1817 15 13
1818 30 58
1819 88 74
1820 67 49
1821 27 63
1822 12 11
1823 127 97
1824 58 68
1825 29 40
1826 102 50
1827 201 99
1828 56 49
1829 16 45
1830 16 51
1831 42 59
1832 46 42
1833 191 100
1834 1 34
1835 182 118
1836 25 47
1837 38 74
1838 6 23
1839 165 99
1840 10 24
1841 49 63
1842 119 67
1843 40 57
1844 70 51
1845 101 32
1846 38 48
1847 26 34
1848 36 89
1849 119 32
1850 29 34
1851 42 64
1852 22 42
1853 12 56
1854 2 26
1855 6 49
1856 4 69
1857 73 37
1858 29 43
1859 46 56
1860 17 10
1861 99 74
1862 54 27
1863 49 46
1864 107 71
1865 8 72
1866 31 40
1867 123 83
1868 121 66
1869 15 48
1870 23 59
1871 82 68
1872 50 43
1873 41 58
1874 13 36
1875 28 38
1876 56 14
1877 64 29
1878 35 56
1879 150 81
1880 32 35
1881 53 48
1882 51 70
1883 18 79
1884 32 83
1885 28 94
1886 105 37
1887 11 43
1888 254 81
1889 15 79
1890 6 37
1891 71 18
1892 12 11
1893 83 45
1894 63 22
1895 37 61
1896 9 52
1897 36 42
1898 101 82
1899 79 73
1900 26 38
1901 14 45
1902 130 92
1903 40 62
1904 30 43
1905 11 40
1906 22 22
1907 30 21
1908 10 22
1909 41 88
1910 31 56
1911 39 66
1912 755 300
1913 19 37
1914 47 75
1915 11 31
1916 79 100
1917 190 133
1918 161 83
1919 55 51
1920 123 80
1921 40 32
1922 15 29
1923 56 76
1924 6 33
1925 125 53
1926 134 101
1927 55 67
1928 23 33
1929 151 87
1930 13 42
1931 39 71
1932 95 73
1933 11 82
1934 12 15
1935 50 44
1936 22 26
1937 4 45
1938 189 68
1939 79 57
1940 93 72
1941 223 87
1942 39 57
1943 192 77
1944 29 15
1945 146 113
1946 191 120
1947 120 68
1948 108 80
1949 8 67
1950 12 40
1951 64 57
1952 17 12
1953 123 84
1954 93 66
1955 92 85
1956 8 41
1957 39 44
1958 34 49
1959 120 81
1960 43 9
1961 7 20
1962 187 65
1963 86 47
1964 96 76
1965 20 54
1966 172 66
1967 2 40
1968 35 27
1969 4 38
1970 72 49
1971 176 74
1972 70 71
1973 65 33
1974 7 37
1975 36 34
1976 39 56
1977 9 64
1978 15 36
1979 176 111
1980 57 23
1981 55 63
1982 19 0
1983 199 95
1984 178 108
1985 224 66
1986 153 80
1987 36 80
1988 24 26
1989 87 52
1990 20 52
1991 49 80
1992 15 32
1993 203 95
1994 64 37
1995 63 64
1996 4 19
1997 135 78
1998 54 78
1999 34 43
2000 33 45
2001 60 44
2002 85 64
2003 48 43
2004 50 65
2005 155 75
2006 52 79
2007 171 100
2008 7 43
2009 45 40
2010 84 69
2011 40 21
2012 15 42
2013 9 66
2014 10 12
2015 5 29
2016 18 95
2017 7 36
2018 55 67
2019 19 65
2020 158 87
2021 31 49
2022 50 60
2023 25 54
2024 53 60
2025 30 38
2026 96 51
2027 44 74
2028 106 70
2029 34 59
2030 187 101
2031 53 58
2032 147 41
2033 173 85
2034 8 45
2035 30 46
2036 21 37
2037 173 113
2038 123 37
2039 112 80
2040 152 114
2041 8 21
2042 96 59
2043 174 76
2044 25 44
2045 176 124
2046 123 64
2047 205 104
2048 17 70
2049 37 63
2050 23 43
2051 9 48
2052 106 89
2053 115 118
2054 163 96
2055 73 103
2056 115 93
2057 42 37
2058 76 56
2059 193 85
2060 106 93
2061 48 37
2062 76 47
2063 141 80
2064 186 69
2065 26 32
2066 9 5
2067 33 43
2068 141 74
2069 168 70
2070 13 72
2071 123 104
2072 129 107
2073 195 117
2074 162 74
2075 48 47
2076 17 32
2077 126 71
2078 204 133
2079 1 23
2080 9 54
2081 172 65
2082 18 9
2083 147 98
2084 141 98
2085 30 56
2086 136 108
2087 156 118
2088 198 111
2089 23 46
2090 189 88
2091 34 65
2092 43 32
2093 177 89
2094 7 60
2095 154 88
2096 21 44
2097 38 57
2098 117 72
2099 16 64
2100 6 21
2101 71 83
2102 132 36
2103 184 104
2104 181 138
2105 11 42
2106 4 38
2107 37 58
2108 164 99
2109 135 84
2110 43 30
2111 184 85
2112 160 92
2113 10 48
2114 15 54
2115 136 78
2116 65 81
2117 142 53
2118 188 76
2119 15 31
2120 23 74
2121 158 85
2122 146 48
2123 203 81
2124 169 84
2125 121 87
2126 54 48
2127 112 106
2128 92 88
2129 38 93
2130 11 44
2131 198 105
2132 94 78
2133 159 95
2134 85 76
2135 88 78
2136 74 56
2137 49 15
2138 138 51
2139 178 84
2140 171 105
2141 24 0
2142 221 110
2143 102 46
2144 78 55
2145 43 50
2146 24 62
2147 41 57
2148 90 47
2149 128 71
2150 192 124
2151 86 50
2152 18 84
2153 139 102
2154 160 129
2155 41 30
2156 27 28
2157 39 51
2158 10 51
2159 48 57
2160 24 34
2161 82 87
2162 15 81
2163 31 65
2164 92 35
2165 128 42
2166 9 88
2167 5 40
2168 3 48
2169 109 68
2170 18 37
2171 66 64
2172 193 105
2173 30 43
2174 120 75
2175 8 30
2176 117 72
2177 11 54
2178 3 50
2179 94 38
2180 114 48
2181 17 36
2182 8 40
2183 134 67
2184 186 96
2185 17 52
2186 18 39
2187 148 84
2188 194 88
2189 113 50
2190 168 85
2191 88 53
2192 41 43
2193 14 42
2194 109 93
2195 1 38
2196 110 41
2197 22 64
2198 55 42
2199 175 59
2200 173 104
2201 190 100
2202 49 55
2203 100 41
2204 4 55
2205 14 35
2206 210 105
2207 22 71
2208 22 43
2209 36 29
2210 98 93
2211 54 46
2212 140 66
2213 103 55
2214 27 38
2215 58 47
2216 133 106
2217 13 51
2218 205 101
2219 5 67
2220 195 118
2221 41 54
2222 46 38
2223 116 54
2224 129 68
2225 42 51
2226 51 37
2227 7 23
2228 32 85
2229 207 131
2230 5 5
2231 36 43
2232 71 79
2233 222 98
2234 29 71
2235 70 59
2236 37 58
2237 124 93
2238 13 24
2239 44 63
2240 201 88
2241 119 81
2242 40 70
2243 59 75
2244 200 83
2245 7 67
2246 95 93
2247 122 91
2248 18 44
2249 19 43
2250 109 52
2251 9 38
2252 10 58
2253 157 80
2254 90 56
2255 10 51
2256 7 17
2257 155 95
2258 49 49
2259 55 30
2260 20 35
2261 129 114
2262 14 40
2263 7 63
2264 75 84
2265 11 63
2266 234 150
2267 83 49
2268 130 76
2269 1 88
2270 15 16
2271 180 86
2272 29 14
2273 91 11
2274 35 14
2275 185 106
2276 154 46
2277 16 39
2278 174 83
2279 129 90
2280 59 50
2281 9 38
2282 154 91
2283 161 90
2284 56 57
2285 55 39
2286 24 64
2287 68 47
2288 21 60
2289 160 84
2290 184 114
2291 17 57
2292 142 107
2293 54 56
2294 122 52
2295 23 56
2296 34 54
2297 38 70
2298 17 17
2299 155 95
2300 122 75
2301 10 68
2302 123 72
2303 29 65
2304 66 68
2305 16 88
2306 113 65
2307 141 77
2308 156 89
2309 199 97
2310 23 64
2311 51 50
2312 16 54
2313 85 80
2314 19 0
2315 73 35
2316 10 79
2317 36 43
2318 37 109
2319 122 34
2320 16 55
2321 7 77
2322 46 43
2323 183 104
2324 197 119
2325 79 48
2326 180 74
2327 125 83
2328 166 90
2329 124 98
2330 48 64
2331 190 119
2332 103 85
2333 160 84
2334 139 70
2335 34 69
2336 150 100
2337 35 13
2338 109 72
2339 182 130
2340 198 100
2341 26 40
2342 28 51
2343 79 55
2344 121 58
2345 52 68
2346 36 27
2347 291 132
2348 151 116
2349 18 56
2350 28 43
2351 110 93
2352 168 118
2353 86 51
2354 177 85
2355 30 16
2356 172 99
2357 13 52
2358 6 58
2359 147 85
2360 12 45
2361 45 55
2362 25 54
2363 167 101
2364 65 54
2365 55 90
2366 36 49
2367 50 51
2368 79 60
2369 197 108
2370 158 85
2371 36 57
2372 105 65
2373 12 76
2374 168 67
2375 6 18
2376 179 69
2377 94 73
2378 50 82
2379 36 84
2380 3 24
2381 176 80
2382 2 31
2383 24 60
2384 188 112
2385 57 10
2386 139 62
2387 50 64
2388 6 21
2389 28 68
2390 49 62
2391 72 64
2392 92 68
2393 32 40
2394 95 65
2395 179 100
2396 69 93
2397 35 71
2398 108 76
2399 77 67
2400 19 58
2401 21 70
2402 15 34
2403 17 26
2404 170 69
2405 20 18
2406 36 70
2407 89 43
2408 153 78
2409 178 107
2410 207 101
2411 32 33
2412 31 68
2413 17 34
2414 183 76
2415 41 61
2416 37 74
2417 70 40
2418 117 57
2419 109 27
2420 81 86
2421 8 27
2422 5 42
2423 165 93
2424 11 39
2425 36 19
2426 18 59
2427 25 103
2428 191 61
2429 86 75
2430 146 118
2431 5 57
2432 28 14
2433 147 75
2434 91 48
2435 27 56
2436 94 55
2437 5 52
2438 68 90
2439 10 55
2440 34 15
2441 4 38
2442 3 42
2443 23 86
2444 16 65
2445 70 66
2446 161 79
2447 49 42
2448 33 77
2449 46 68
2450 12 46
2451 109 45
2452 10 56
2453 14 45
2454 16 24
2455 16 56
2456 8 11
2457 1 39
2458 99 88
2459 46 49
2460 169 113
2461 124 74
2462 96 61
2463 126 115
2464 202 113
2465 60 73
2466 11 62
2467 130 97
2468 177 101
2469 135 73
2470 1 26
2471 132 93
2472 77 64
2473 49 65
2474 26 40
2475 97 41
2476 36 59
2477 113 60
2478 93 89
2479 46 35
2480 27 17
2481 3 50
2482 160 84
2483 3 18
2484 126 95
2485 137 105
2486 18 57
2487 9 34
2488 39 47
2489 108 83
2490 15 42
2491 121 99
2492 178 125
2493 6 50
2494 39 54
2495 145 78
2496 22 25
2497 25 57
2498 94 63
2499 93 93
2500 181 77
2501 76 91
2502 43 73
2503 16 43
2504 151 88
2505 5 61
2506 124 63
2507 201 86
2508 98 44
2509 134 86
2510 138 49
2511 140 78
2512 105 77
2513 15 17
2514 9 18
2515 13 13
2516 88 96
2517 6 48
2518 48 56
2519 35 55
2520 165 101
2521 141 84
2522 14 40
2523 17 23
2524 13 39
2525 35 49
2526 191 111
2527 4 48
2528 7 60
2529 36 55
2530 29 24
2531 23 21
2532 106 103
2533 99 65
2534 18 40
2535 11 99
2536 63 73
2537 95 56
2538 56 73
2539 140 81
2540 31 38
2541 2 24
2542 196 92
2543 294 102
2544 30 46
2545 9 59
2546 144 49
2547 54 61
2548 8 44
2549 161 88
2550 162 103
2551 158 118
2552 112 58
2553 173 95
2554 93 73
2555 135 63
2556 131 82
2557 31 70
2558 22 62
2559 165 71
2560 201 101
2561 155 92
2562 14 25
2563 110 52
2564 188 106
2565 4 31
2566 26 25
2567 116 85
2568 11 40
2569 1 44
2570 21 89
2571 30 59
2572 19 53
2573 152 90
2574 103 72
2575 141 84
2576 45 68
2577 20 45
2578 164 107
2579 116 84
2580 6 60
2581 24 8
2582 101 59
2583 46 32
2584 15 37
2585 40 32
2586 187 87
2587 19 50
2588 91 54
2589 79 59
2590 197 83
2591 96 51
2592 125 86
2593 185 73
2594 94 62
2595 3 41
2596 1 39
2597 105 65
2598 164 56
2599 14 83
2600 182 72
2601 190 114
2602 198 114
2603 68 59
2604 196 105
2605 17 22
2606 75 56
2607 195 110
2608 99 77
2609 49 97
2610 51 42
2611 207 98
2612 28 73
2613 31 66
2614 17 39
2615 185 54
2616 100 98
2617 114 67
2618 23 44
2619 164 80
2620 55 73
2621 6 56
2622 21 47
2623 130 111
2624 188 109
2625 186 100
2626 34 39
2627 41 62
2628 28 52
2629 127 84
2630 173 70
2631 116 81
2632 7 65
2633 41 49
2634 5 0
2635 20 58
2636 38 41
2637 35 57
2638 166 101
2639 37 58
2640 56 76
2641 19 74
2642 127 60
2643 100 66
2644 27 86
2645 54 60
2646 135 53
2647 48 83
2648 48 54
2649 122 69
2650 18 9
2651 7 33
2652 49 39
2653 72 65
2654 151 92
2655 168 113
2656 16 54
2657 52 58
2658 36 47
2659 58 52
2660 38 43
2661 99 74
2662 37 51
2663 26 27
2664 83 76
2665 50 37
2666 61 42
2667 20 39
2668 34 49
2669 97 83
2670 19 39
2671 6 20
2672 37 26
2673 29 50
2674 70 26
2675 38 40
2676 83 59
2677 15 0
2678 9 38
2679 93 87
2680 53 61
2681 45 70
2682 16 26
2683 78 65
2684 28 54
2685 12 49
2686 24 59
2687 21 96
2688 11 57
2689 67 86
2690 31 54
2691 3 52
2692 5 51
2693 18 58
2694 93 90
2695 11 56
2696 19 69
2697 16 38
2698 69 37
2699 13 31
2700 15 0
2701 26 9
2702 24 48
2703 18 26
2704 2 35
2705 27 20
2706 67 46
2707 15 27
2708 34 39
2709 12 48
2710 13 46
2711 31 39
2712 44 48
2713 31 51
2714 3 55
2715 32 52
2716 95 72
2717 54 37
2718 37 14
2719 100 75
2720 49 65
2721 6 23
2722 3 57
2723 12 69
2724 70 72
2725 8 38
2726 17 41
2727 13 59
2728 38 58
2729 63 50
2730 89 55
2731 29 65
2732 8 66
2733 24 42
2734 26 42
2735 19 60
2736 5 46
2737 21 74
2738 83 67
2739 31 43
2740 2 33
2741 57 54
2742 116 104
2743 51 39
2744 13 28
2745 33 54
2746 15 42
2747 13 58
2748 75 54
2749 53 32
2750 85 100
2751 35 27
2752 7 40
2753 52 23
2754 122 82
2755 89 71
2756 45 50
2757 83 23
2758 46 88
2759 22 54
2760 11 52
2761 28 36
2762 21 23
2763 63 45
2764 25 55
2765 47 41
2766 13 77
2767 6 36
2768 28 63
2769 12 59
2770 41 39
2771 14 77
2772 34 60
2773 57 40
2774 6 27
2775 27 7
2776 6 34
2777 83 27
2778 95 56
2779 19 37
2780 59 44
2781 66 47
2782 98 75
2783 33 60
2784 28 59
2785 44 52
2786 102 44
2787 49 56
2788 2 28
2789 19 7
2790 9 73
2791 12 54
2792 3 97
2793 99 48
2794 19 62
2795 24 39
2796 60 91
2797 27 59
2798 3 18
2799 8 69
2800 82 57
2801 10 54
2802 10 42
2803 22 83
2804 9 18
2805 8 59
2806 50 30
2807 22 4
2808 3 37
2809 19 88
2810 58 54
2811 7 0
2812 25 31
2813 27 29
2814 2 13
2815 57 77
2816 11 72
2817 5 56
2818 16 45
2819 24 76
2820 15 39
2821 13 47
2822 14 50
2823 38 55
2824 6 68
2825 20 51
2826 10 57
2827 75 75
2828 78 70
2829 28 10
2830 22 62
2831 18 52
2832 30 30
2833 82 62
2834 9 69
2835 44 54
2836 31 48
2837 14 32
2838 4 41
2839 137 76
2840 33 50
2841 31 48
2842 1 45
2843 29 27
2844 29 56
2845 26 87
2846 27 51
2847 12 58
2848 21 46
2849 81 92
2850 33 13
2851 22 73
2852 11 49
2853 62 60
2854 36 59
2855 4 63
2856 18 74
2857 2 44
2858 17 58
2859 20 55
2860 3 20
2861 11 53
2862 71 61
2863 104 83
2864 75 73
2865 39 39
2866 78 86
2867 80 72
2868 21 71
2869 70 48
2870 22 59
2871 42 82
2872 76 92
2873 73 81
2874 47 58
2875 52 49
2876 14 59
2877 104 62
2878 11 31
2879 16 68
2880 66 77
2881 45 46
2882 10 65
2883 15 52
2884 6 46
2885 4 41
2886 10 56
2887 40 1
2888 15 13
2889 19 46
2890 88 92
2891 22 33
2892 29 51
2893 8 29
2894 61 62
2895 9 49
2896 50 96
2897 54 66
2898 8 85
2899 6 13
2900 11 23
2901 77 47
2902 7 72
2903 8 36
2904 72 42
2905 74 63
2906 92 43
2907 32 45
2908 27 34
2909 77 48
2910 83 89
2911 69 26
2912 61 61
2913 75 42
2914 41 64
2915 91 58
2916 87 53
2917 18 69
2918 20 33
2919 70 63
2920 74 28
2921 40 27
2922 3 48
2923 16 1
2924 40 75
2925 79 66
2926 10 52
2927 92 76
2928 86 94
2929 48 61
2930 8 35
2931 53 18
2932 40 31
2933 14 44
2934 20 46
2935 12 71
2936 60 59
2937 63 38
2938 20 55
2939 69 84
2940 64 70
2941 11 35
2942 10 54
2943 82 70
2944 106 55
2945 54 56
2946 59 49
2947 17 65
2948 21 44
2949 20 50
2950 48 55
2951 102 74
2952 3 53
2953 34 43
2954 13 38
2955 44 59
2956 96 83
2957 14 38
2958 42 76
2959 17 62
2960 92 35
2961 11 28
2962 19 45
2963 4 6
2964 18 43
2965 17 46
2966 107 80
2967 22 53
2968 13 43
2969 71 57
2970 44 55
2971 4 23
2972 17 40
2973 73 72
2974 59 84
2975 3 47
2976 41 28
2977 33 24
2978 25 42
2979 18 22
2980 5 32
2981 23 54
2982 15 52
2983 17 42
2984 24 81
2985 60 62
2986 100 89
2987 27 37
2988 63 51
2989 58 27
2990 13 68
2991 61 53
2992 72 122
2993 56 45
2994 65 48
2995 15 22
2996 39 75
2997 14 39
2998 3 26
2999 30 43
3000 91 77
3001 35 16
3002 72 36
3003 4 59
3004 53 39
3005 43 79
3006 2 54
3007 24 66
3008 16 19
3009 19 13
3010 32 47
3011 42 49
3012 11 49
3013 24 55
3014 43 71
3015 10 9
3016 29 40
3017 70 44
3018 30 11
3019 70 42
3020 37 55
3021 50 50
3022 80 62
3023 35 70
3024 14 39
3025 54 44
3026 96 88
3027 66 112
3028 12 33
3029 52 43
3030 8 47
3031 1 29
3032 22 62
3033 88 73
3034 43 58
3035 90 46
3036 38 28
3037 3 63
3038 88 28
3039 22 15
3040 51 42
3041 27 13
3042 20 13
3043 17 0
3044 6 67
3045 8 56
3046 37 41
3047 50 54
3048 15 58
3049 76 64
3050 16 70
3051 101 70
3052 50 82
3053 10 68
3054 83 68
3055 6 48
3056 78 76
3057 17 52
3058 15 60
3059 5 28
3060 78 97
3061 14 29
3062 32 90
3063 11 48
3064 64 47
3065 53 80
3066 14 34
3067 13 11
3068 16 73
3069 16 47
3070 62 42
3071 1 25
3072 46 71
3073 62 69
3074 6 50
3075 23 17
3076 86 102
3077 55 38
3078 99 95
3079 39 34
3080 28 45
3081 25 49
3082 116 77
3083 10 38
3084 76 72
3085 52 58
3086 37 33
3087 51 79
3088 10 37
3089 52 75
3090 108 65
3091 6 39
3092 11 50
3093 16 74
3094 7 29
3095 15 42
3096 76 69
3097 41 72
3098 65 75
3099 10 28
3100 34 29
3101 122 70
3102 49 45
3103 20 41
3104 83 55
3105 12 38
3106 62 46
3107 51 60
3108 63 52
3109 18 36
3110 17 72
3111 52 70
3112 12 53
3113 68 6
3114 46 52
3115 61 91
3116 103 67
3117 63 69
3118 44 28
3119 69 121
3120 71 57
3121 4 19
3122 9 50
3123 33 37
3124 30 26
3125 2 55
3126 8 61
3127 6 62
3128 10 51
3129 35 34
3130 13 33
3131 8 20
3132 84 91
3133 10 36
3134 2 54
3135 35 3
3136 62 98
3137 49 39
3138 19 36
3139 21 50
3140 71 85
3141 11 44
3142 56 74
3143 4 38
3144 16 51
3145 69 40
3146 61 56
3147 5 45
3148 30 35
3149 66 61
3150 89 65
3151 14 14
3152 85 39
3153 11 39
3154 91 56
3155 12 64
3156 13 40
3157 15 49
3158 52 54
3159 7 49
3160 30 68
3161 6 16
3162 57 87
3163 23 62
3164 10 49
3165 7 47
3166 38 49
3167 17 44
3168 48 37
3169 61 73
3170 25 50
3171 19 57
3172 72 66
3173 18 32
3174 74 56
3175 6 81
3176 27 70
3177 41 79
3178 25 37
3179 68 44
3180 8 50
3181 8 45
3182 68 41
3183 1 45
3184 61 64
3185 80 39
3186 23 56
3187 34 43
3188 51 29
3189 19 59
3190 12 68
3191 40 28
3192 16 14
3193 27 30
3194 17 71
3195 72 73
3196 40 65
3197 8 42
3198 86 82
3199 22 42
3200 11 73
3201 92 67
3202 11 51
3203 31 46
3204 47 55
3205 15 58
3206 51 67
3207 41 3
3208 15 36
3209 24 41
3210 14 68
3211 25 56
3212 35 67
3213 36 22
3214 63 42
3215 25 39
3216 7 40
3217 6 37
3218 9 43
3219 39 43
3220 54 18
3221 26 42
3222 15 42
3223 23 45
3224 55 39
3225 28 25
3226 79 28
3227 5 53
3228 36 77
3229 14 23
3230 1 47
3231 28 48
3232 105 73
3233 63 38
3234 33 63
3235 8 8
3236 21 64
3237 28 50
3238 41 59
3239 62 36
3240 66 34
3241 19 51
3242 15 68
3243 27 24
3244 14 33
3245 14 26
3246 14 63
3247 66 41
3248 31 42
3249 14 33
3250 34 39
3251 9 56
3252 86 90
3253 51 60
3254 12 57
3255 32 43
3256 63 87
3257 42 65
3258 47 93
3259 31 6
3260 28 54
3261 54 46
3262 24 64
3263 58 81
3264 31 33
3265 48 77
3266 8 29
3267 72 45
3268 2 31
3269 9 56
3270 6 58
3271 5 47
3272 44 16
3273 26 48
3274 63 77
3275 29 70
3276 20 49
3277 71 76
3278 19 53
3279 25 16
3280 107 60
3281 12 0
3282 2 9
3283 16 50
3284 70 59
3285 27 40
3286 23 57
3287 48 54
3288 48 50
3289 19 32
3290 5 40
3291 119 61
3292 12 43
3293 60 56
3294 23 40
3295 46 56
3296 41 75
3297 63 69
3298 45 47
3299 60 39
3300 18 12
3301 40 48
3302 67 56
3303 36 80
3304 35 25
3305 5 45
3306 22 41
3307 19 63
3308 9 14
3309 18 55
3310 5 83
3311 11 38
3312 17 98
3313 32 59
3314 16 102
3315 14 79
3316 39 50
3317 7 19
3318 20 40
3319 26 23
3320 113 83
3321 69 66
3322 8 62
3323 7 46
3324 87 70
3325 19 43
3326 16 4
3327 50 24
3328 18 51
3329 19 47
3330 93 77
3331 36 49
3332 62 54
3333 7 43
3334 9 13
3335 65 70
3336 7 54
3337 24 52
3338 9 60
3339 73 90
3340 16 52
3341 31 81
3342 68 65
3343 14 61
3344 76 66
3345 65 91
3346 35 84
3347 76 88
3348 84 104
3349 12 15
3350 82 78
3351 84 67
3352 13 28
3353 62 46
3354 9 68
3355 54 49
3356 20 29
3357 15 58
3358 11 81
3359 18 44
3360 74 69
3361 14 61
3362 75 52
3363 131 104
3364 49 35
3365 46 68
3366 62 56
3367 11 42
3368 9 28
3369 43 57
3370 6 39
3371 15 29
3372 7 42
3373 17 51
3374 16 62
3375 3 43
3376 8 49
3377 31 91
3378 60 103
3379 25 79
3380 21 16
3381 54 69
3382 17 50
3383 17 39
3384 49 44
3385 53 42
3386 52 49
3387 97 42
3388 10 36
3389 7 70
3390 25 62
3391 53 77
3392 17 59
3393 19 31
3394 31 49
3395 38 27
3396 76 70
3397 115 79
3398 8 64
3399 37 76
3400 35 24
3401 8 25
3402 15 33
3403 52 27
3404 18 19
3405 13 32
3406 70 86
3407 2 18
3408 2 26
3409 16 23
3410 16 7
3411 62 69
3412 45 45
3413 3 30
3414 18 48
3415 29 20
3416 53 43
3417 89 83
3418 10 40
3419 63 69
3420 23 78
3421 20 48
3422 40 57
3423 16 61
3424 7 23
3425 10 34
3426 113 90
3427 9 15
3428 8 50
3429 5 50
3430 21 35
3431 23 47
3432 6 33
3433 65 39
3434 107 102
3435 49 71
3436 7 49
3437 547 195
3438 24 80
3439 9 35
3440 26 20
3441 6 22
3442 45 93
3443 22 48
3444 5 49
3445 7 57
3446 11 31
3447 6 57
3448 47 86
3449 45 44
3450 18 79
3451 1 48
3452 16 41
3453 1 25
3454 14 26
3455 38 33
3456 51 33
3457 6 55
3458 20 71
3459 15 23
3460 28 53
3461 8 17
3462 20 55
3463 24 23
3464 31 19
3465 16 40
3466 26 40
3467 3 36
3468 29 89
3469 28 33
3470 16 18
3471 25 44
3472 15 49
3473 17 11
3474 18 38
3475 32 45
3476 15 14
3477 6 70
3478 17 41
3479 15 69
3480 25 26
3481 14 56
3482 13 31
3483 13 76
3484 15 32
3485 19 32
3486 30 74
3487 10 47
3488 47 86
3489 5 72
3490 15 23
3491 23 47
3492 9 44
3493 19 59
3494 4 44
3495 56 84
3496 19 55
3497 24 43
3498 18 57
3499 21 29
3500 20 40
3501 50 61
3502 8 61
3503 13 28
3504 8 23
3505 25 50
3506 48 51
3507 9 33
3508 24 69
3509 22 64
3510 20 26
3511 22 32
3512 13 51
3513 6 60
3514 41 51
3515 11 40
3516 14 51
3517 17 17
3518 33 23
3519 17 5
3520 10 31
3521 58 88
3522 9 35
3523 14 0
3524 16 43
3525 36 34
3526 30 69
3527 23 58
3528 36 7
3529 35 63
3530 8 33
3531 9 69
3532 15 19
3533 15 58
3534 23 41
3535 19 46
3536 11 7
3537 4 22
3538 20 69
3539 10 59
3540 34 76
3541 12 60
3542 33 18
3543 10 48
3544 5 34
3545 83 72
3546 16 51
3547 13 24
3548 8 59
3549 15 69
3550 19 25
3551 9 35
3552 7 43
3553 33 64
3554 21 44
3555 20 3
3556 13 65
3557 31 40
3558 38 59
3559 27 58
3560 3 23
3561 14 21
3562 15 63
3563 17 36
3564 17 34
3565 4 60
3566 9 40
3567 14 32
3568 35 65
3569 26 62
3570 1 31
3571 17 42
3572 8 72
3573 22 28
3574 15 32
3575 3 0
3576 42 112
3577 52 11
3578 24 18
3579 16 45
3580 9 17
3581 12 40
3582 3 34
3583 10 10
3584 49 74
3585 8 48
3586 44 60
3587 17 38
3588 4 65
3589 2 26
3590 27 19
3591 19 11
3592 13 54
3593 47 50
3594 12 41
3595 14 48
3596 86 71
3597 3 84
3598 11 48
3599 33 54
3600 7 61
3601 21 15
3602 17 20
3603 9 80
3604 76 60
3605 39 58
3606 5 74
3607 8 36
3608 19 23
3609 27 53
3610 15 38
3611 57 50
3612 19 34
3613 15 25
3614 10 38
3615 20 31
3616 12 5
3617 33 30
3618 20 55
3619 4 57
3620 16 38
3621 11 60
3622 12 65
3623 19 37
3624 14 36
3625 37 62
3626 8 42
3627 19 50
3628 23 59
3629 37 59
3630 13 19
3631 10 48
3632 6 62
3633 65 80
3634 22 81
3635 27 58
3636 25 36
3637 5 12
3638 11 38
3639 12 51
3640 42 71
3641 10 59
3642 23 52
3643 24 57
3644 13 49
3645 18 62
3646 17 45
3647 8 29
3648 21 41
3649 15 17
3650 1 45
3651 32 74
3652 7 60
3653 4 69
3654 12 51
3655 15 43
3656 22 50
3657 13 37
3658 16 21
3659 10 54
3660 6 50
3661 6 19
3662 17 44
3663 14 61
3664 10 69
3665 6 26
3666 9 38
3667 23 56
3668 11 18
3669 7 25
3670 22 42
3671 9 28
3672 47 50
3673 4 63
3674 38 78
3675 14 60
3676 5 41
3677 50 43
3678 5 63
3679 13 55
3680 43 45
3681 10 19
3682 9 14
3683 17 52
3684 67 83
3685 15 35
3686 4 73
3687 33 28
3688 2 28
3689 3 31
3690 26 41
3691 3 62
3692 38 58
3693 29 60
3694 5 41
3695 15 37
3696 15 59
3697 21 45
3698 18 38
3699 3 34
3700 7 84
3701 15 61
3702 38 74
3703 15 38
3704 2 51
3705 38 67
3706 25 27
3707 24 51
3708 15 43
3709 1 48
3710 26 38
3711 29 72
3712 8 17
3713 26 25
3714 26 26
3715 14 51
3716 7 74
3717 3 48
3718 27 26
3719 23 63
3720 10 54
3721 30 26
3722 33 67
3723 8 63
3724 6 70
3725 19 33
3726 15 47
3727 6 35
3728 28 26
3729 1 42
3730 28 49
3731 40 65
3732 2 6
3733 3 72
3734 49 54
3735 16 74
3736 12 50
3737 39 43
3738 30 51
3739 15 55
3740 27 53
3741 18 45
3742 5 42
3743 19 57
3744 3 56
3745 6 44
3746 2 4
3747 22 46
3748 1 40
3749 6 42
3750 29 33
3751 6 38
3752 19 79
3753 25 7
3754 8 78
3755 8 3
3756 61 38
3757 17 44
3758 44 49
3759 19 30
3760 17 37
3761 21 49
3762 17 62
3763 12 75
3764 29 60
3765 4 46
3766 10 61
3767 10 44
3768 23 43
3769 13 29
3770 10 43
3771 7 43
3772 8 17
3773 14 24
3774 18 0
3775 9 74
3776 19 44
3777 10 16
3778 13 71
3779 19 54
3780 16 20
3781 4 39
3782 32 56
3783 13 51
3784 12 19
3785 19 12
3786 21 30
3787 5 0
3788 12 26
3789 8 43
3790 45 56
3791 21 57
3792 15 18
3793 49 95
3794 35 62
3795 5 67
3796 11 18
3797 43 71
3798 1 27
3799 14 23
3800 49 56
3801 3 16
3802 16 34
3803 21 41
3804 49 26
3805 5 50
3806 6 51
3807 2 47
3808 2 40
3809 16 39
3810 35 42
3811 3 74
3812 7 78
3813 7 57
3814 8 58
3815 15 70
3816 3 25
3817 12 60
3818 14 71
3819 13 67
3820 1 1
3821 26 63
3822 30 56
3823 14 33
3824 50 76
3825 27 27
3826 32 72
3827 8 62
3828 28 65
3829 37 53
3830 108 72
3831 25 47
3832 12 55
3833 32 98
3834 7 60
3835 26 33
3836 22 80
3837 17 39
3838 61 53
3839 5 32
3840 12 53
3841 33 43
3842 41 18
3843 8 48
3844 5 36
3845 20 62
3846 2 0
3847 13 67
3848 6 43
3849 5 11
3850 20 28
3851 59 61
3852 22 24
3853 1 55
3854 2 79
3855 15 31
3856 1 25
3857 11 39
3858 32 33
3859 6 34
3860 37 57
3861 16 18
3862 19 40
3863 11 79
3864 7 44
3865 4 79
3866 19 0
3867 26 85
3868 18 24
3869 32 53
3870 26 75
3871 8 62
3872 14 63
3873 38 65
3874 14 51
3875 2 51
3876 9 17
3877 55 65
3878 10 16
3879 2 39
3880 10 35
3881 18 14
3882 4 19
3883 15 63
3884 34 31
3885 2 27
3886 29 51
3887 5 76
3888 10 38
3889 15 51
3890 5 10
3891 24 29
3892 13 39
3893 6 53
3894 9 79
3895 13 77
3896 21 26
3897 4 54
3898 16 34
3899 7 53
3900 34 14
3901 8 54
3902 42 48
3903 18 51
3904 7 54
3905 8 26
3906 44 69
3907 26 7
3908 7 60
3909 22 0
3910 4 84
3911 7 39
3912 15 73
3913 18 47
3914 8 68
3915 22 72
3916 7 51
3917 15 55
3918 31 25
3919 12 67
3920 16 39
3921 30 62
3922 2 71
3923 7 23
3924 41 33
3925 5 32
3926 43 70
3927 24 36
3928 3 20
3929 15 37
3930 47 66
3931 22 99
3932 8 38
3933 22 62
3934 10 12
3935 1 31
3936 6 53
3937 14 42
3938 83 49
3939 4 49
3940 11 81
3941 7 66
3942 2 72
3943 25 49
3944 13 48
3945 34 48
3946 4 15
3947 32 56
3948 59 63
3949 12 68
3950 16 81
3951 35 28
3952 4 18
3953 4 45
3954 4 45
3955 3 33
3956 24 45
3957 18 53
3958 9 29
3959 2 27
3960 17 4
3961 7 20
3962 39 82
3963 6 57
3964 15 36
3965 4 41
3966 47 82
3967 16 23
3968 46 74
3969 25 65
3970 6 19
3971 47 73
3972 18 43
3973 8 36
3974 1 48
3975 15 43
3976 15 2
3977 6 19
3978 4 30
3979 12 14
3980 59 43
3981 8 37
3982 14 52
3983 2 30
3984 1 54
3985 6 75
3986 9 40
3987 2 11
3988 7 56
3989 6 70
3990 4 48
3991 3 32
3992 3 51
3993 6 33
3994 11 81
3995 9 8
3996 4 60
3997 11 64
3998 14 51
3999 4 47
4000 9 43
4001 2 44
4002 7 25
4003 5 14
4004 10 12
4005 3 35
4006 2 16
4007 4 52
4008 1 34
4009 10 40
4010 1 34
4011 4 59
4012 2 26
4013 6 42
4014 12 37
4015 1 41
4016 4 55
4017 9 30
4018 7 78
4019 8 47
4020 8 57
4021 11 0
4022 1 40
4023 18 26
4024 1 40
4025 4 24
4026 9 32
4027 7 15
4028 2 51
4029 2 41
4030 19 29
4031 11 48
4032 2 23
4033 3 47
4034 2 32
4035 1 8
4036 2 16
4037 4 33
4038 9 93
